0 1.0
1.0 0.941431999206543
2.0 0.8000881671905518
3.0 0.7278125286102295
4.0 0.6473380327224731
5.0 0.5712655782699585
6.0 0.4927709996700287
7.0 0.48026150465011597
8.0 0.4601474404335022
9.0 0.44055044651031494
10.0 0.4047178626060486
11.0 0.37475961446762085
12.0 0.3594556748867035
13.0 0.34144970774650574
14.0 0.3203224837779999
15.0 0.31276801228523254
16.0 0.2974378168582916
17.0 0.2927396595478058
18.0 0.2789779603481293
19.0 0.27430057525634766
20.0 0.26452863216400146
21.0 0.2559502422809601
22.0 0.2519676089286804
23.0 0.23907703161239624
24.0 0.2328755408525467
25.0 0.2229795604944229
26.0 0.22061310708522797
27.0 0.21447694301605225
28.0 0.21075884997844696
29.0 0.1969127357006073
30.0 0.1896912306547165
31.0 0.17923091351985931
32.0 0.17326056957244873
33.0 0.17045985162258148
34.0 0.15417414903640747
35.0 0.1509646475315094
36.0 0.14000532031059265
37.0 0.13806916773319244
38.0 0.13142000138759613
39.0 0.1310669630765915
40.0 0.11189209669828415
41.0 0.10770898312330246
42.0 0.1041509211063385
43.0 0.10063114762306213
44.0 0.09899038821458817
45.0 0.08858105540275574
46.0 0.07569953054189682
47.0 0.06878038495779037
48.0 0.059462063014507294
49.0 0.05700512230396271
50.0 0.0
