0 1.0
1.0 0.9473735690116882
2.0 0.8114226460456848
3.0 0.7354986667633057
4.0 0.6508232355117798
5.0 0.5723414421081543
6.0 0.4883219301700592
7.0 0.47391530871391296
8.0 0.4523785412311554
9.0 0.4278293251991272
10.0 0.4049088656902313
11.0 0.37806063890457153
12.0 0.35464003682136536
13.0 0.33858755230903625
14.0 0.31722161173820496
15.0 0.30575981736183167
16.0 0.2959213852882385
17.0 0.291596919298172
18.0 0.2897818386554718
19.0 0.2740727961063385
20.0 0.2740257978439331
21.0 0.2619374096393585
22.0 0.24287612736225128
23.0 0.24033984541893005
24.0 0.23858222365379333
25.0 0.23120306432247162
26.0 0.2282361090183258
27.0 0.21554648876190186
28.0 0.2099132090806961
29.0 0.2013714611530304
30.0 0.18758925795555115
31.0 0.18356317281723022
32.0 0.17971011996269226
33.0 0.17931564152240753
34.0 0.16373597085475922
35.0 0.15657749772071838
36.0 0.13951122760772705
37.0 0.13897283375263214
38.0 0.13346125185489655
39.0 0.13024909794330597
40.0 0.12209644913673401
41.0 0.1069314107298851
42.0 0.10252638161182404
43.0 0.0
