0 1.0
1.0 0.9488852620124817
2.0 0.794767439365387
3.0 0.7253599166870117
4.0 0.6444195508956909
5.0 0.5706085562705994
6.0 0.4950181245803833
7.0 0.4767943024635315
8.0 0.45622363686561584
9.0 0.44549039006233215
10.0 0.4021156430244446
11.0 0.37529534101486206
12.0 0.36252543330192566
13.0 0.3474216163158417
14.0 0.317615807056427
15.0 0.30777862668037415
16.0 0.2975192666053772
17.0 0.28715285658836365
18.0 0.2801056206226349
19.0 0.27801400423049927
20.0 0.2746051847934723
21.0 0.26995083689689636
22.0 0.2575704753398895
23.0 0.24157777428627014
24.0 0.23633123934268951
25.0 0.22193168103694916
26.0 0.2193368822336197
27.0 0.20812839269638062
28.0 0.20787163078784943
29.0 0.19566552340984344
30.0 0.19530266523361206
31.0 0.19133418798446655
32.0 0.1800099015235901
33.0 0.17364437878131866
34.0 0.16585321724414825
35.0 0.15179228782653809
36.0 0.1464468538761139
37.0 0.14531804621219635
38.0 0.14461487531661987
39.0 0.13284361362457275
40.0 0.11230888962745667
41.0 0.1118764579296112
42.0 0.11109409481287003
43.0 0.09391649067401886
44.0 0.09245024621486664
45.0 0.09030972421169281
46.0 0.0745936706662178
47.0 0.07041508704423904
48.0 0.06685032695531845
49.0 0.06449660658836365
50.0 0.06045078858733177
51.0 0.05869612097740173
52.0 0.0
