0 1.0
1.0 0.947615385055542
2.0 0.7898352742195129
3.0 0.7302281260490417
4.0 0.6468827724456787
5.0 0.5713658332824707
6.0 0.4953742027282715
7.0 0.4768761396408081
8.0 0.45331767201423645
9.0 0.4327068328857422
10.0 0.3959800899028778
11.0 0.3726252019405365
12.0 0.3519594073295593
13.0 0.3379150331020355
14.0 0.32103899121284485
15.0 0.29331228137016296
16.0 0.29084479808807373
17.0 0.2907673716545105
18.0 0.28825947642326355
19.0 0.281607449054718
20.0 0.26988765597343445
21.0 0.2570374608039856
22.0 0.2535264194011688
23.0 0.24377892911434174
24.0 0.23550134897232056
25.0 0.22974267601966858
26.0 0.22437739372253418
27.0 0.21799352765083313
28.0 0.20905552804470062
29.0 0.20162203907966614
30.0 0.1874403953552246
31.0 0.18570461869239807
32.0 0.17232131958007812
33.0 0.1659226417541504
34.0 0.15539053082466125
35.0 0.15286724269390106
36.0 0.15263831615447998
37.0 0.14456991851329803
38.0 0.13529717922210693
39.0 0.13490250706672668
40.0 0.1083410307765007
41.0 0.10466957837343216
42.0 0.10056287795305252
43.0 0.09719622135162354
44.0 0.091307632625103
45.0 0.08658941090106964
46.0 0.08250647783279419
47.0 0.07234997302293777
48.0 0.06335876882076263
49.0 0.05656871199607849
50.0 0.05369386076927185
51.0 0.04957033693790436
52.0 0.04949689656496048
53.0 0.046492088586091995
54.0 0.04453052580356598
55.0 0.03924521431326866
56.0 0.037909552454948425
57.0 0.03729787468910217
58.0 0.036525338888168335
59.0 0.03380245715379715
60.0 0.033758968114852905
61.0 0.03228728845715523
62.0 0.03079870343208313
63.0 0.028549794107675552
64.0 0.028010018169879913
65.0 0.025274334475398064
66.0 0.024194825440645218
67.0 0.022932356223464012
68.0 0.02274414524435997
69.0 0.022638458758592606
70.0 0.0
