0 1.0
1.0 0.9469919204711914
2.0 0.8043348789215088
3.0 0.724839448928833
4.0 0.6440880298614502
5.0 0.5707912445068359
6.0 0.5021792054176331
7.0 0.4786302447319031
8.0 0.4514751732349396
9.0 0.4314207136631012
10.0 0.3959710896015167
11.0 0.36751794815063477
12.0 0.34719428420066833
13.0 0.33230048418045044
14.0 0.32138940691947937
15.0 0.31354740262031555
16.0 0.3060745298862457
17.0 0.28345760703086853
18.0 0.2801576852798462
19.0 0.269706666469574
20.0 0.26271843910217285
21.0 0.2617858946323395
22.0 0.25324901938438416
23.0 0.2485712468624115
24.0 0.23670238256454468
25.0 0.23071503639221191
26.0 0.217876136302948
27.0 0.2156422734260559
28.0 0.1997055560350418
29.0 0.1987805813550949
30.0 0.19803637266159058
31.0 0.0
