0 1.0
1.0 0.9497671723365784
2.0 0.7995617389678955
3.0 0.7316043376922607
4.0 0.6543939709663391
5.0 0.5752878189086914
6.0 0.49060967564582825
7.0 0.48019489645957947
8.0 0.4586575925350189
9.0 0.43579360842704773
10.0 0.4032900929450989
11.0 0.3824928104877472
12.0 0.3475725054740906
13.0 0.33279046416282654
14.0 0.31908831000328064
15.0 0.2967541813850403
16.0 0.28993546962738037
17.0 0.28060245513916016
18.0 0.27873536944389343
19.0 0.2748953700065613
20.0 0.26883000135421753
21.0 0.2518550753593445
22.0 0.24634528160095215
23.0 0.23055464029312134
24.0 0.22857871651649475
25.0 0.22702540457248688
26.0 0.22676992416381836
27.0 0.2135002166032791
28.0 0.21307295560836792
29.0 0.19693249464035034
30.0 0.19397099316120148
31.0 0.1877780258655548
32.0 0.18118281662464142
33.0 0.17526844143867493
34.0 0.15326520800590515
35.0 0.15021437406539917
36.0 0.1481906622648239
37.0 0.14810730516910553
38.0 0.13427181541919708
39.0 0.12658682465553284
40.0 0.12144138664007187
41.0 0.10807701200246811
42.0 0.10373114794492722
43.0 0.09384618699550629
44.0 0.09379183501005173
45.0 0.085608571767807
46.0 0.07647620141506195
47.0 0.06991172581911087
48.0 0.06615673005580902
49.0 0.06256814301013947
50.0 0.05481656268239021
51.0 0.05473858863115311
52.0 0.05253284052014351
53.0 0.05191631615161896
54.0 0.05037253722548485
55.0 0.048274070024490356
56.0 0.04697908088564873
57.0 0.04583078250288963
58.0 0.04050673171877861
59.0 0.036011479794979095
60.0 0.034775152802467346
61.0 0.03389611095190048
62.0 0.030988827347755432
63.0 0.030273564159870148
64.0 0.02866826206445694
65.0 0.02774747461080551
66.0 0.02542170323431492
67.0 0.022993849590420723
68.0 0.022493600845336914
69.0 0.021165935322642326
70.0 0.020595606416463852
71.0 0.016692036762833595
72.0 0.01577496901154518
73.0 0.014191323891282082
74.0 0.013253936544060707
75.0 0.009660687297582626
76.0 0.009025346487760544
77.0 0.005819782614707947
78.0 0.005808290094137192
79.0 0.00563446618616581
80.0 0.004126206040382385
81.0 0.0038504060357809067
82.0 0.003687851130962372
83.0 0.0033208075910806656
84.0 0.003229895606637001
85.0 0.0030323276296257973
86.0 0.0013837628066539764
87.0 0.0010866215452551842
88.0 0.0007612006738781929
89.0 0.0004272572696208954
90.0 0.00041863415390253067
91.0 0.00033392012119293213
92.0 0.00021414738148450851
93.0 0.0
