150970
92867
215982
161886
162767
118410
141998
136971
201580
111177
122411
96041
180658
154174
191464
160180
127356
191987
71558
102671
102102
184941
224307
151553
97497
127268
107005
149145
137680
173291
82196
105725
93632
70298
107683
68805
110350
23522
43759
38920
34989
44207
47421
169847
65431
60761
64726
143394
186730
140642
69822
173493
119022
157751
106275
92241
66488
60632
58460
61266
110694
122370
102788
70620
92082
122115
48242
56681
60945
81284
67969
68171
121507
109933
160298
216130
239911
171735
81002
155955
198083
144391
15588
16447
16561
16423
16429
16468
16316
16471
16494
16525
