264652
157888
319550
234257
247973
181669
245427
218447
311680
176364
190201
150541
264015
235627
286251
244618
198925
299876
130557
178231
162800
284775
349232
239229
179018
202136
165208
231591
216273
267440
133492
171014
138393
114340
169561
129318
187854
46983
84057
67733
62009
77160
85343
272359
111204
107044
111870
226523
299897
220342
121948
266445
188184
249968
157583
158433
124607
112780
113516
129703
203456
233583
167536
113217
144402
203106
77923
89229
94128
131241
105489
101163
185278
175030
236268
344437
379370
284265
129991
240981
311624
219887
15588
16447
16561
16423
16429
16468
16316
16471
16494
16525
