438284
255449
452142
347422
373033
272759
389310
333121
466947
270558
286370
223438
378604
350610
425557
359607
297689
446722
200436
291196
253333
414800
542317
366142
282408
301442
245039
334842
325168
421088
218838
269112
207051
184476
270362
207682
300019
89585
149439
113786
107548
128489
143935
436509
184174
181100
188669
351439
454425
323424
203759
393951
277800
390564
230977
256999
202040
178065
177569
223968
337512
398424
261332
177312
223903
326825
122318
141910
152153
216694
164516
158635
284569
278679
342079
524892
576708
448849
210015
369659
455275
345271
15588
16447
16561
16423
16429
16468
16316
16471
16494
16525
